0 0.427083 0.514706 0.018382 0.029412
0 0.469363 0.547488 0.026961 0.026961
0 0.480392 0.542433 0.029412 0.029718
0 0.689951 0.008425 0.025327 0.016850
0 0.565359 0.283548 0.038399 0.011949
0 0.583129 0.315257 0.013480 0.026961
0 0.522263 0.287531 0.015931 0.023591
0 0.374387 0.768076 0.037990 0.033701
9 0.660948 0.046415 0.009804 0.011336
9 0.308211 0.780944 0.015931 0.012868
9 0.318423 0.900429 0.028186 0.014093
9 0.299837 0.822917 0.014706 0.011029
4 0.629493 0.181679 0.035131 0.017157
5 0.723652 0.007047 0.046977 0.014093
4 0.519404 0.352788 0.024918 0.019914
4 0.543096 0.486060 0.024101 0.018689
4 0.475694 0.507659 0.029820 0.022059
5 0.501225 0.519608 0.036765 0.025123
4 0.478554 0.484069 0.033088 0.023897
4 0.396446 0.655178 0.042075 0.027880
5 0.528186 0.471201 0.027778 0.020833
1 0.433211 0.651654 0.008578 0.006127
1 0.404412 0.748468 0.009804 0.013480
7 0.480596 0.382200 0.006127 0.024203
7 0.470588 0.402420 0.008170 0.022978
7 0.363766 0.863664 0.011029 0.038603
7 0.575163 0.210938 0.012255 0.017463
1 0.358864 0.860907 0.008578 0.006740
1 0.358252 0.770221 0.006536 0.004902
1 0.348652 0.791820 0.007761 0.006434
1 0.353350 0.803768 0.006536 0.006434
1 0.293913 0.993719 0.006944 0.006434
1 0.334967 0.874234 0.007353 0.005821
1 0.340074 0.813879 0.005310 0.005821