5 0.076823 0.286865 0.138021 0.043457
1 0.087240 0.342529 0.066406 0.050293
5 0.135091 0.393799 0.070964 0.054199
7 0.127604 0.472168 0.239583 0.014648
6 0.268555 0.682861 0.119141 0.140137
6 0.887370 0.550537 0.082031 0.108887
6 0.563802 0.748047 0.108073 0.102539
4 0.897461 0.693359 0.130859 0.070312
7 0.735026 0.528320 0.222656 0.129883
4 0.762044 0.373291 0.033203 0.032715
5 0.893229 0.423584 0.106771 0.074707
4 0.694336 0.470947 0.034505 0.040527
5 0.767578 0.589111 0.026042 0.035645
7 0.789388 0.983154 0.007161 0.028809
7 0.717122 0.985352 0.076172 0.027344
7 0.418945 0.421387 0.185547 0.065430
5 0.343424 0.313965 0.048828 0.027344